38												
416												
39												
914												
												
	1	117	9000	5280	1.090458488	0.15	4	4842	0	1	0	1
	2	87	9000	5280	1.090458488	0.15	4	4842	0	1	0	1
	3	74	9000	5280	1.090458488	0.15	4	4842	0	1	0	1
	4	233	9000	5280	1.090458488	0.15	4	4842	0	1	0	1
	5	165	9000	5280	1.090458488	0.15	4	4842	0	1	0	1
	6	213	9000	5280	1.090458488	0.15	4	4842	0	1	0	1
	7	253	9000	5280	1.090458488	0.15	4	4842	0	1	0	1
	8	411	5400	2640	1	0.15	4	2640	0	1	0	1
	9	379	5400	2640	1	0.15	4	2640	0	1	0	1
	9	395	5400	2640	1	0.15	4	2640	0	1	0	1
	10	338	5400	2640	1	0.15	4	2640	0	1	0	1
	10	362	5400	2640	1	0.15	4	2640	0	1	0	1
	11	309	5400	2640	1	0.15	4	2640	0	1	0	1
	12	275	5400	2640	1	0.15	4	2640	0	1	0	1
	13	262	5400	2640	1	0.15	4	2640	0	1	0	1
	14	257	5400	2640	1	0.15	4	2640	0	1	0	1
	15	254	5400	2640	1	0.15	4	2640	0	1	0	1
	16	263	5400	2640	1	0.15	4	2640	0	1	0	1
	17	276	5400	2640	1	0.15	4	2640	0	1	0	1
	18	322	5400	2640	1	0.15	4	2640	0	1	0	1
	18	348	5400	2640	1	0.15	4	2640	0	1	0	1
	19	364	5400	2640	1	0.15	4	2640	0	1	0	1
	19	380	5400	2640	1	0.15	4	2640	0	1	0	1
	20	397	5400	2640	1	0.15	4	2640	0	1	0	1
	21	412	5400	2640	1	0.15	4	2640	0	1	0	1
	21	413	5400	2640	1	0.15	4	2640	0	1	0	1
	22	414	5400	2640	1	0.15	4	2640	0	1	0	1
	22	415	5400	2640	1	0.15	4	2640	0	1	0	1
	23	416	5400	2640	1	0.15	4	2640	0	1	0	1
	24	266	12600	1320	0.149068323	0.15	4	8855	0	1	0	1
	24	267	12600	1320	0.149068323	0.15	4	8855	0	1	0	1
	25	268	12600	1320	0.149068323	0.15	4	8855	0	1	0	1
	25	269	12600	1320	0.149068323	0.15	4	8855	0	1	0	1
	26	273	12600	1320	0.149068323	0.15	4	8855	0	1	0	1
	26	274	12600	1320	0.149068323	0.15	4	8855	0	1	0	1
	27	302	12600	1320	0.149068323	0.15	4	8855	0	1	0	1
	27	303	12600	1320	0.149068323	0.15	4	8855	0	1	0	1
	28	303	12600	1320	0.149068323	0.15	4	8855	0	1	0	1
	28	304	12600	1320	0.149068323	0.15	4	8855	0	1	0	1
	29	308	12600	1320	0.149068323	0.15	4	8855	0	1	0	1
	29	337	12600	1320	0.149068323	0.15	4	8855	0	1	0	1
	30	340	12600	1320	0.149068323	0.15	4	8855	0	1	0	1
	30	341	12600	1320	0.149068323	0.15	4	8855	0	1	0	1
	31	329	12600	1320	0.149068323	0.15	4	8855	0	1	0	1
	31	330	12600	1320	0.149068323	0.15	4	8855	0	1	0	1
	32	332	12600	1320	0.149068323	0.15	4	8855	0	1	0	1
	32	333	12600	1320	0.149068323	0.15	4	8855	0	1	0	1
	33	337	12600	1320	0.149068323	0.15	4	8855	0	1	0	1
	33	361	12600	1320	0.149068323	0.15	4	8855	0	1	0	1
	34	369	12600	1320	0.149068323	0.15	4	8855	0	1	0	1
	34	385	12600	1320	0.149068323	0.15	4	8855	0	1	0	1
	35	373	12600	1320	0.149068323	0.15	4	8855	0	1	0	1
	35	389	12600	1320	0.149068323	0.15	4	8855	0	1	0	1
	36	378	12600	1320	0.149068323	0.15	4	8855	0	1	0	1
	36	394	12600	1320	0.149068323	0.15	4	8855	0	1	0	1
	37	401	12600	1320	0.149068323	0.15	4	8855	0	1	0	1
	37	402	12600	1320	0.149068323	0.15	4	8855	0	1	0	1
	38	406	12600	1320	0.149068323	0.15	4	8855	0	1	0	1
	38	407	12600	1320	0.149068323	0.15	4	8855	0	1	0	1
	39	266	5400	3854	1.459848485	0.15	4	2640	0	1	0	1
	39	267	5400	3854	1.459848485	0.15	4	2640	0	1	0	1
	40	268	5400	3485	1.320075758	0.15	4	2640	0	1	0	1
	40	269	5400	3485	1.320075758	0.15	4	2640	0	1	0	1
	41	273	5400	2640	1	0.15	4	2640	0	1	0	1
	41	274	5400	2640	1	0.15	4	2640	0	1	0	1
	42	302	5400	2640	1	0.15	4	2640	0	1	0	1
	42	303	5400	2640	1	0.15	4	2640	0	1	0	1
	43	303	5400	4066	1.540151515	0.15	4	2640	0	1	0	1
	43	304	5400	4066	1.540151515	0.15	4	2640	0	1	0	1
	44	308	5400	2640	1	0.15	4	2640	0	1	0	1
	44	337	5400	7920	3	0.15	4	2640	0	1	0	1
	45	340	5400	2640	1	0.15	4	2640	0	1	0	1
	45	341	5400	2640	1	0.15	4	2640	0	1	0	1
	46	329	5400	2640	1	0.15	4	2640	0	1	0	1
	46	330	5400	2640	1	0.15	4	2640	0	1	0	1
	47	332	5400	2429	0.920075758	0.15	4	2640	0	1	0	1
	47	333	5400	2482	0.940151515	0.15	4	2640	0	1	0	1
	48	337	5400	2640	1	0.15	4	2640	0	1	0	1
	48	361	5400	2640	1	0.15	4	2640	0	1	0	1
	49	369	5400	2640	1	0.15	4	2640	0	1	0	1
	49	385	5400	2640	1	0.15	4	2640	0	1	0	1
	50	373	5400	2640	1	0.15	4	2640	0	1	0	1
	50	389	5400	2640	1	0.15	4	2640	0	1	0	1
	51	378	5400	2640	1	0.15	4	2640	0	1	0	1
	51	394	5400	2640	1	0.15	4	2640	0	1	0	1
	52	401	5400	2640	1	0.15	4	2640	0	1	0	1
	52	402	5400	2640	1	0.15	4	2640	0	1	0	1
	53	406	5400	2851	1.079924242	0.15	4	2640	0	1	0	1
	53	407	5400	2798	1.059848485	0.15	4	2640	0	1	0	1
	54	56	9000	1320	0.333333333	0.15	4	3960	0	1	0	1
	54	230	9000	1320	0.333333333	0.15	4	3960	0	1	0	1
	55	59	9000	1320	0.333333333	0.15	4	3960	0	1	0	1
	56	102	9000	1320	0.333333333	0.15	4	3960	0	1	0	1
	57	54	9000	1320	0.333333333	0.15	4	3960	0	1	0	1
	57	235	9000	1320	0.333333333	0.15	4	3960	0	1	0	1
	58	137	9000	1320	0.333333333	0.15	4	3960	0	1	0	1
	58	145	9000	1320	0.333333333	0.15	4	3960	0	1	0	1
	59	146	9000	1320	0.333333333	0.15	4	3960	0	1	0	1
	60	102	9000	1320	0.333333333	0.15	4	3960	0	1	0	1
	60	230	9000	1320	0.333333333	0.15	4	3960	0	1	0	1
	61	136	9000	1320	0.333333333	0.15	4	3960	0	1	0	1
	62	2	9000	5280	1.090458488	0.15	4	4842	0	1	0	1
	63	62	7200	5280	1.090458488	0.15	4	4842	0	1	0	1
	64	63	7200	2640	0.545229244	0.15	4	4842	0	1	0	1
	64	189	7200	1320	0.333333333	0.15	4	3960	0	1	0	1
	65	64	7200	1690	0.349029327	0.15	4	4842	0	1	0	1
	66	65	7200	1109	0.229037588	0.15	4	4842	0	1	0	1
	67	66	7200	1320	0.272614622	0.15	4	4842	0	1	0	1
	67	260	1800	1320	0.5	0.15	4	2640	0	1	0	1
	68	67	7200	8501	1.755679471	0.15	4	4842	0	1	0	1
	69	68	7200	1320	0.272614622	0.15	4	4842	0	1	0	1
	69	258	1800	1320	0.5	0.15	4	2640	0	1	0	1
	70	69	7200	6811	1.406650145	0.15	4	4842	0	1	0	1
	71	70	7200	1320	0.272614622	0.15	4	4842	0	1	0	1
	71	255	1800	1320	0.5	0.15	4	2640	0	1	0	1
	72	71	7200	1320	0.272614622	0.15	4	4842	0	1	0	1
	73	72	7200	2270	0.468814539	0.15	4	4842	0	1	0	1
	73	141	7200	1320	0.333333333	0.15	4	3960	0	1	0	1
	74	73	7200	5280	1.090458488	0.15	4	4842	0	1	0	1
	75	3	9000	5280	1.090458488	0.15	4	4842	0	1	0	1
	76	75	7200	5280	1.090458488	0.15	4	4842	0	1	0	1
	77	76	7200	2270	0.468814539	0.15	4	4842	0	1	0	1
	77	141	7200	1320	0.333333333	0.15	4	3960	0	1	0	1
	78	77	7200	1320	0.272614622	0.15	4	4842	0	1	0	1
	79	78	7200	1320	0.272614622	0.15	4	4842	0	1	0	1
	79	256	1800	1320	0.5	0.15	4	2640	0	1	0	1
	80	79	7200	6811	1.406650145	0.15	4	4842	0	1	0	1
	81	80	7200	1320	0.272614622	0.15	4	4842	0	1	0	1
	81	259	1800	1320	0.5	0.15	4	2640	0	1	0	1
	82	81	7200	8501	1.755679471	0.15	4	4842	0	1	0	1
	83	82	7200	1320	0.272614622	0.15	4	4842	0	1	0	1
	83	261	1800	1320	0.5	0.15	4	2640	0	1	0	1
	84	83	7200	1109	0.229037588	0.15	4	4842	0	1	0	1
	85	84	7200	1690	0.349029327	0.15	4	4842	0	1	0	1
	86	85	7200	2640	0.545229244	0.15	4	4842	0	1	0	1
	86	189	7200	1320	0.333333333	0.15	4	3960	0	1	0	1
	87	86	7200	5280	1.090458488	0.15	4	4842	0	1	0	1
	88	1	9000	5280	1.090458488	0.15	4	4842	0	1	0	1
	89	88	7200	5280	1.090458488	0.15	4	4842	0	1	0	1
	90	89	7200	1320	0.272614622	0.15	4	4842	0	1	0	1
	90	293	1800	1320	0.5	0.15	4	2640	0	1	0	1
	91	90	7200	1109	0.229037588	0.15	4	4842	0	1	0	1
	92	91	7200	1531	0.316191656	0.15	4	4842	0	1	0	1
	93	92	7200	1690	0.349029327	0.15	4	4842	0	1	0	1
	93	183	7200	1320	0.333333333	0.15	4	3960	0	1	0	1
	93	195	7200	1320	0.333333333	0.15	4	3960	0	1	0	1
	94	93	7200	3379	0.697852127	0.15	4	4842	0	1	0	1
	95	94	7200	1320	0.272614622	0.15	4	4842	0	1	0	1
	95	290	1800	1320	0.5	0.15	4	2640	0	1	0	1
	96	95	7200	6019	1.243081371	0.15	4	4842	0	1	0	1
	97	96	7200	1320	0.272614622	0.15	4	4842	0	1	0	1
	97	288	1800	1320	0.5	0.15	4	2640	0	1	0	1
	98	97	7200	3010	0.621643949	0.15	4	4842	0	1	0	1
	99	98	7200	1320	0.272614622	0.15	4	4842	0	1	0	1
	99	283	1800	1320	0.5	0.15	4	2640	0	1	0	1
	100	99	7200	1901	0.392606361	0.15	4	4842	0	1	0	1
	101	100	7200	1320	0.272614622	0.15	4	4842	0	1	0	1
	101	278	1800	1320	0.5	0.15	4	2640	0	1	0	1
	102	101	7200	3749	0.774266832	0.15	4	4842	0	1	0	1
	103	59	9000	1320	0.333333333	0.15	4	3960	0	1	0	1
	103	61	9000	1320	0.333333333	0.15	4	3960	0	1	0	1
	103	237	9000	1320	0.333333333	0.15	4	3960	0	1	0	1
	104	103	7200	3749	0.774266832	0.15	4	4842	0	1	0	1
	105	104	7200	1320	0.272614622	0.15	4	4842	0	1	0	1
	105	279	1800	1320	0.5	0.15	4	2640	0	1	0	1
	106	105	7200	1901	0.392606361	0.15	4	4842	0	1	0	1
	107	106	7200	1320	0.272614622	0.15	4	4842	0	1	0	1
	107	284	1800	1320	0.5	0.15	4	2640	0	1	0	1
	108	107	7200	3010	0.621643949	0.15	4	4842	0	1	0	1
	109	108	7200	1320	0.272614622	0.15	4	4842	0	1	0	1
	109	289	1800	1320	0.5	0.15	4	2640	0	1	0	1
	110	109	7200	6019	1.243081371	0.15	4	4842	0	1	0	1
	111	110	7200	1320	0.272614622	0.15	4	4842	0	1	0	1
	111	291	1800	1320	0.5	0.15	4	2640	0	1	0	1
	112	111	7200	3379	0.697852127	0.15	4	4842	0	1	0	1
	113	112	7200	1690	0.349029327	0.15	4	4842	0	1	0	1
	113	183	7200	1320	0.333333333	0.15	4	3960	0	1	0	1
	113	195	7200	1320	0.333333333	0.15	4	3960	0	1	0	1
	114	113	7200	1531	0.316191656	0.15	4	4842	0	1	0	1
	115	114	7200	1109	0.229037588	0.15	4	4842	0	1	0	1
	116	115	7200	1320	0.272614622	0.15	4	4842	0	1	0	1
	116	294	1800	1320	0.5	0.15	4	2640	0	1	0	1
	117	116	7200	5280	1.090458488	0.15	4	4842	0	1	0	1
	118	5	9000	5280	1.090458488	0.15	4	4842	0	1	0	1
	119	118	7200	5280	1.090458488	0.15	4	4842	0	1	0	1
	120	119	7200	1320	0.272614622	0.15	4	4842	0	1	0	1
	120	400	1800	1320	0.5	0.15	4	2640	0	1	0	1
	121	120	7200	2640	0.545229244	0.15	4	4842	0	1	0	1
	122	121	7200	3010	0.621643949	0.15	4	4842	0	1	0	1
	123	122	7200	1320	0.272614622	0.15	4	4842	0	1	0	1
	123	382	1800	1320	0.5	0.15	4	2640	0	1	0	1
	124	123	7200	4171	0.8614209	0.15	4	4842	0	1	0	1
	125	124	7200	1320	0.272614622	0.15	4	4842	0	1	0	1
	125	366	1800	1320	0.5	0.15	4	2640	0	1	0	1
	126	125	7200	4171	0.8614209	0.15	4	4842	0	1	0	1
	127	126	7200	1320	0.272614622	0.15	4	4842	0	1	0	1
	127	350	1800	1320	0.5	0.15	4	2640	0	1	0	1
	128	127	7200	3010	0.621643949	0.15	4	4842	0	1	0	1
	129	128	7200	1531	0.316191656	0.15	4	4842	0	1	0	1
	130	129	7200	1320	0.272614622	0.15	4	4842	0	1	0	1
	130	324	1800	1320	0.5	0.15	4	2640	0	1	0	1
	131	130	7200	4171	0.8614209	0.15	4	4842	0	1	0	1
	132	131	7200	1531	0.316191656	0.15	4	4842	0	1	0	1
	132	314	1800	1320	0.5	0.15	4	2640	0	1	0	1
	133	132	7200	2270	0.468814539	0.15	4	4842	0	1	0	1
	134	133	7200	1690	0.349029327	0.15	4	4842	0	1	0	1
	135	134	7200	1320	0.272614622	0.15	4	4842	0	1	0	1
	135	298	1800	1320	0.5	0.15	4	2640	0	1	0	1
	136	135	7200	739	0.152622883	0.15	4	4842	0	1	0	1
	137	136	7200	3062	0.632383313	0.15	4	4842	0	1	0	1
	138	60	9000	1320	0.333333333	0.15	4	3960	0	1	0	1
	138	137	7200	634	0.130937629	0.15	4	4842	0	1	0	1
	138	236	9000	1320	0.333333333	0.15	4	3960	0	1	0	1
	139	138	7200	5280	1.090458488	0.15	4	4842	0	1	0	1
	140	139	7200	1320	0.272614622	0.15	4	4842	0	1	0	1
	140	265	1800	1320	0.5	0.15	4	2640	0	1	0	1
	141	140	7200	4541	0.937835605	0.15	4	4842	0	1	0	1
	142	72	7200	1320	0.333333333	0.15	4	3960	0	1	0	1
	142	76	7200	1320	0.333333333	0.15	4	3960	0	1	0	1
	143	142	7200	4541	0.937835605	0.15	4	4842	0	1	0	1
	144	143	7200	1320	0.272614622	0.15	4	4842	0	1	0	1
	144	264	1800	1320	0.5	0.15	4	2640	0	1	0	1
	145	144	7200	4330	0.894258571	0.15	4	4842	0	1	0	1
	146	145	7200	581	0.119991739	0.15	4	4842	0	1	0	1
	147	57	9000	1320	0.333333333	0.15	4	3960	0	1	0	1
	147	146	7200	3696	0.763320942	0.15	4	4842	0	1	0	1
	148	147	7200	1109	0.229037588	0.15	4	4842	0	1	0	1
	149	148	7200	1320	0.272614622	0.15	4	4842	0	1	0	1
	149	297	1800	1320	0.5	0.15	4	2640	0	1	0	1
	150	149	7200	1690	0.349029327	0.15	4	4842	0	1	0	1
	151	150	7200	1109	0.229037588	0.15	4	4842	0	1	0	1
	152	151	7200	3010	0.621643949	0.15	4	4842	0	1	0	1
	152	310	1800	1320	0.5	0.15	4	2640	0	1	0	1
	153	152	7200	3379	0.697852127	0.15	4	4842	0	1	0	1
	154	153	7200	1320	0.272614622	0.15	4	4842	0	1	0	1
	154	323	1800	1320	0.5	0.15	4	2640	0	1	0	1
	155	154	7200	1531	0.316191656	0.15	4	4842	0	1	0	1
	156	155	7200	3010	0.621643949	0.15	4	4842	0	1	0	1
	157	156	7200	1320	0.272614622	0.15	4	4842	0	1	0	1
	157	349	1800	1320	0.5	0.15	4	2640	0	1	0	1
	158	157	7200	4171	0.8614209	0.15	4	4842	0	1	0	1
	159	158	7200	1320	0.272614622	0.15	4	4842	0	1	0	1
	159	365	1800	1320	0.5	0.15	4	2640	0	1	0	1
	160	159	7200	4171	0.8614209	0.15	4	4842	0	1	0	1
	161	160	7200	1320	0.272614622	0.15	4	4842	0	1	0	1
	161	381	1800	1320	0.5	0.15	4	2640	0	1	0	1
	162	161	7200	3010	0.621643949	0.15	4	4842	0	1	0	1
	163	162	7200	2640	0.545229244	0.15	4	4842	0	1	0	1
	164	163	7200	1320	0.272614622	0.15	4	4842	0	1	0	1
	164	399	1800	1320	0.5	0.15	4	2640	0	1	0	1
	165	164	7200	5280	1.090458488	0.15	4	4842	0	1	0	1
	166	6	9000	5280	1.090458488	0.15	4	4842	0	1	0	1
	167	166	7200	5280	1.090458488	0.15	4	4842	0	1	0	1
	168	167	7200	1320	0.272614622	0.15	4	4842	0	1	0	1
	168	409	1800	1320	0.5	0.15	4	2640	0	1	0	1
	169	168	7200	3749	0.774266832	0.15	4	4842	0	1	0	1
	170	169	7200	1690	0.349029327	0.15	4	4842	0	1	0	1
	171	170	7200	317	0.065468815	0.15	4	4842	0	1	0	1
	171	216	7200	1320	0.333333333	0.15	4	3960	0	1	0	1
	172	171	7200	1373	0.283560512	0.15	4	4842	0	1	0	1
	172	393	1800	1320	0.5	0.15	4	2640	0	1	0	1
	173	172	7200	2429	0.50165221	0.15	4	4842	0	1	0	1
	174	173	7200	1109	0.229037588	0.15	4	4842	0	1	0	1
	175	174	7200	1320	0.272614622	0.15	4	4842	0	1	0	1
	175	377	1800	1320	0.5	0.15	4	2640	0	1	0	1
	176	175	7200	3960	0.817843866	0.15	4	4842	0	1	0	1
	177	176	7200	1320	0.272614622	0.15	4	4842	0	1	0	1
	177	360	1800	1320	0.5	0.15	4	2640	0	1	0	1
	178	177	7200	3960	0.817843866	0.15	4	4842	0	1	0	1
	179	178	7200	1320	0.272614622	0.15	4	4842	0	1	0	1
	179	336	1800	1320	0.5	0.15	4	2640	0	1	0	1
	180	179	7200	9240	1.908302354	0.15	4	4842	0	1	0	1
	181	180	7200	1320	0.272614622	0.15	4	4842	0	1	0	1
	181	307	1800	1320	0.5	0.15	4	2640	0	1	0	1
	182	181	7200	739	0.152622883	0.15	4	4842	0	1	0	1
	183	182	7200	1901	0.392606361	0.15	4	4842	0	1	0	1
	184	92	7200	1320	0.333333333	0.15	4	3960	0	1	0	1
	184	112	7200	1320	0.333333333	0.15	4	3960	0	1	0	1
	184	183	7200	1901	0.392606361	0.15	4	4842	0	1	0	1
	185	184	7200	3590	0.741429162	0.15	4	4842	0	1	0	1
	186	185	7200	1901	0.392606361	0.15	4	4842	0	1	0	1
	187	186	7200	1320	0.272614622	0.15	4	4842	0	1	0	1
	187	272	1800	1320	0.5	0.15	4	2640	0	1	0	1
	188	187	7200	4330	0.894258571	0.15	4	4842	0	1	0	1
	189	188	7200	3749	0.774266832	0.15	4	4842	0	1	0	1
	190	63	7200	1320	0.333333333	0.15	4	3960	0	1	0	1
	190	85	7200	1320	0.333333333	0.15	4	3960	0	1	0	1
	191	190	7200	3749	0.774266832	0.15	4	4842	0	1	0	1
	192	191	7200	4330	0.894258571	0.15	4	4842	0	1	0	1
	193	192	7200	1320	0.272614622	0.15	4	4842	0	1	0	1
	193	271	1800	1320	0.5	0.15	4	2640	0	1	0	1
	194	193	7200	1901	0.392606361	0.15	4	4842	0	1	0	1
	195	194	7200	3590	0.741429162	0.15	4	4842	0	1	0	1
	196	92	7200	1320	0.333333333	0.15	4	3960	0	1	0	1
	196	112	7200	1320	0.333333333	0.15	4	3960	0	1	0	1
	196	195	7200	1901	0.392606361	0.15	4	4842	0	1	0	1
	197	196	7200	1901	0.392606361	0.15	4	4842	0	1	0	1
	198	197	7200	739	0.152622883	0.15	4	4842	0	1	0	1
	199	198	7200	1320	0.272614622	0.15	4	4842	0	1	0	1
	199	306	1800	1320	0.5	0.15	4	2640	0	1	0	1
	200	199	7200	9240	1.908302354	0.15	4	4842	0	1	0	1
	201	200	7200	1320	0.272614622	0.15	4	4842	0	1	0	1
	201	335	1800	1320	0.5	0.15	4	2640	0	1	0	1
	202	201	7200	3960	0.817843866	0.15	4	4842	0	1	0	1
	203	202	7200	1320	0.272614622	0.15	4	4842	0	1	0	1
	203	359	1800	1320	0.5	0.15	4	2640	0	1	0	1
	204	203	7200	3960	0.817843866	0.15	4	4842	0	1	0	1
	205	204	7200	1320	0.272614622	0.15	4	4842	0	1	0	1
	205	376	1800	1320	0.5	0.15	4	2640	0	1	0	1
	206	205	7200	1109	0.229037588	0.15	4	4842	0	1	0	1
	207	206	7200	2429	0.50165221	0.15	4	4842	0	1	0	1
	208	207	7200	1373	0.283560512	0.15	4	4842	0	1	0	1
	209	208	7200	317	0.065468815	0.15	4	4842	0	1	0	1
	209	392	1800	1320	0.5	0.15	4	2640	0	1	0	1
	210	209	7200	1690	0.349029327	0.15	4	4842	0	1	0	1
	210	250	7200	1320	0.333333333	0.15	4	3960	0	1	0	1
	211	210	7200	3749	0.774266832	0.15	4	4842	0	1	0	1
	212	211	7200	1320	0.272614622	0.15	4	4842	0	1	0	1
	212	408	1800	1320	0.5	0.15	4	2640	0	1	0	1
	213	212	7200	5280	1.090458488	0.15	4	4842	0	1	0	1
	214	7	9000	5280	1.090458488	0.15	4	4842	0	1	0	1
	215	214	9000	5280	1.090458488	0.15	4	4842	0	1	0	1
	216	215	9000	1901	0.392606361	0.15	4	4842	0	1	0	1
	217	169	7200	1320	0.333333333	0.15	4	3960	0	1	0	1
	217	216	9000	2851	0.588806278	0.15	4	4842	0	1	0	1
	218	217	9000	1373	0.283560512	0.15	4	4842	0	1	0	1
	218	392	1800	1320	0.5	0.15	4	2640	0	1	0	1
	219	218	9000	3749	0.774266832	0.15	4	4842	0	1	0	1
	220	219	9000	2429	0.50165221	0.15	4	4842	0	1	0	1
	220	363	1800	1320	0.5	0.15	4	2640	0	1	0	1
	221	220	9000	5650	1.166873193	0.15	4	4842	0	1	0	1
	222	221	9000	1531	0.316191656	0.15	4	4842	0	1	0	1
	223	222	9000	2059	0.425237505	0.15	4	4842	0	1	0	1
	223	346	1800	1320	0.5	0.15	4	2640	0	1	0	1
	224	223	9000	4699	0.970466749	0.15	4	4842	0	1	0	1
	225	224	9000	3010	0.621643949	0.15	4	4842	0	1	0	1
	225	330	1800	1320	0.5	0.15	4	2640	0	1	0	1
	226	225	9000	4541	0.937835605	0.15	4	4842	0	1	0	1
	227	226	9000	1901	0.392606361	0.15	4	4842	0	1	0	1
	227	311	1800	1320	0.5	0.15	4	2640	0	1	0	1
	228	227	9000	5280	1.090458488	0.15	4	4842	0	1	0	1
	229	228	9000	2270	0.468814539	0.15	4	4842	0	1	0	1
	229	277	1800	1320	0.5	0.15	4	2640	0	1	0	1
	230	229	9000	581	0.119991739	0.15	4	4842	0	1	0	1
	231	56	9000	1320	0.333333333	0.15	4	3960	0	1	0	1
	231	230	9000	1426	0.294506402	0.15	4	4842	0	1	0	1
	232	58	9000	1320	0.333333333	0.15	4	3960	0	1	0	1
	232	231	9000	1531	0.316191656	0.15	4	4842	0	1	0	1
	233	232	9000	5280	1.090458488	0.15	4	4842	0	1	0	1
	234	4	9000	5280	1.090458488	0.15	4	4842	0	1	0	1
	235	234	9000	5280	1.090458488	0.15	4	4842	0	1	0	1
	236	235	9000	581	0.119991739	0.15	4	4842	0	1	0	1
	237	236	9000	1214	0.250722842	0.15	4	4842	0	1	0	1
	238	55	9000	1320	0.333333333	0.15	4	3960	0	1	0	1
	238	61	9000	1320	0.333333333	0.15	4	3960	0	1	0	1
	238	237	9000	1109	0.229037588	0.15	4	4842	0	1	0	1
	239	238	9000	1109	0.229037588	0.15	4	4842	0	1	0	1
	240	239	9000	2270	0.468814539	0.15	4	4842	0	1	0	1
	240	299	1800	1320	0.5	0.15	4	2640	0	1	0	1
	241	240	9000	4541	0.937835605	0.15	4	4842	0	1	0	1
	242	241	9000	3010	0.621643949	0.15	4	4842	0	1	0	1
	242	317	1800	1320	0.5	0.15	4	2640	0	1	0	1
	243	242	9000	4541	0.937835605	0.15	4	4842	0	1	0	1
	244	243	9000	1901	0.392606361	0.15	4	4842	0	1	0	1
	244	339	1800	1320	0.5	0.15	4	2640	0	1	0	1
	245	244	9000	5069	1.046881454	0.15	4	4842	0	1	0	1
	246	245	9000	3010	0.621643949	0.15	4	4842	0	1	0	1
	246	347	1800	1320	0.5	0.15	4	2640	0	1	0	1
	247	246	9000	5650	1.166873193	0.15	4	4842	0	1	0	1
	248	247	9000	1901	0.392606361	0.15	4	4842	0	1	0	1
	248	374	1800	1320	0.5	0.15	4	2640	0	1	0	1
	249	248	9000	4330	0.894258571	0.15	4	4842	0	1	0	1
	250	249	9000	1742	0.359768691	0.15	4	4842	0	1	0	1
	251	250	9000	264	0.054522924	0.15	4	4842	0	1	0	1
	251	391	1800	1320	0.5	0.15	4	2640	0	1	0	1
	252	208	7200	1320	0.333333333	0.15	4	3960	0	1	0	1
	252	251	9000	2534	0.523337464	0.15	4	4842	0	1	0	1
	253	252	9000	5280	1.090458488	0.15	4	4842	0	1	0	1
	254	15	5400	2640	1	0.15	4	2640	0	1	0	1
	254	255	5400	5280	2	0.15	4	2640	0	1	0	1
	255	70	1800	1320	0.5	0.15	4	2640	0	1	0	1
	255	254	5400	5280	2	0.15	4	2640	0	1	0	1
	255	256	5400	1320	0.5	0.15	4	2640	0	1	0	1
	256	78	1800	1320	0.5	0.15	4	2640	0	1	0	1
	256	255	5400	1320	0.5	0.15	4	2640	0	1	0	1
	256	266	5400	5069	1.920075758	0.15	4	2640	0	1	0	1
	257	14	5400	2640	1	0.15	4	2640	0	1	0	1
	257	258	5400	5280	2	0.15	4	2640	0	1	0	1
	258	68	1800	1320	0.5	0.15	4	2640	0	1	0	1
	258	257	5400	5280	2	0.15	4	2640	0	1	0	1
	258	259	5400	1320	0.5	0.15	4	2640	0	1	0	1
	259	80	1800	1320	0.5	0.15	4	2640	0	1	0	1
	259	258	5400	1320	0.5	0.15	4	2640	0	1	0	1
	259	267	5400	5069	1.920075758	0.15	4	2640	0	1	0	1
	260	66	1800	1320	0.5	0.15	4	2640	0	1	0	1
	260	261	5400	1320	0.5	0.15	4	2640	0	1	0	1
	261	82	1800	1320	0.5	0.15	4	2640	0	1	0	1
	261	260	5400	1320	0.5	0.15	4	2640	0	1	0	1
	261	269	5400	4910	1.859848485	0.15	4	2640	0	1	0	1
	262	13	5400	2640	1	0.15	4	2640	0	1	0	1
	262	273	5400	5280	2	0.15	4	2640	0	1	0	1
	263	16	5400	2640	1	0.15	4	2640	0	1	0	1
	263	264	5400	5280	2	0.15	4	2640	0	1	0	1
	264	143	1800	1320	0.5	0.15	4	2640	0	1	0	1
	264	263	5400	5280	2	0.15	4	2640	0	1	0	1
	264	265	5400	1320	0.5	0.15	4	2640	0	1	0	1
	265	139	1800	1320	0.5	0.15	4	2640	0	1	0	1
	265	264	5400	1320	0.5	0.15	4	2640	0	1	0	1
	265	266	5400	2640	1	0.15	4	2640	0	1	0	1
	266	24	12600	1320	0.149068323	0.15	4	8855	0	1	0	1
	266	39	5400	3854	1.459848485	0.15	4	2640	0	1	0	1
	266	256	5400	5069	1.920075758	0.15	4	2640	0	1	0	1
	266	265	5400	2640	1	0.15	4	2640	0	1	0	1
	266	277	5400	9451	3.579924242	0.15	4	2640	0	1	0	1
	267	24	12600	1320	0.149068323	0.15	4	8855	0	1	0	1
	267	39	5400	3854	1.459848485	0.15	4	2640	0	1	0	1
	267	259	5400	5069	1.920075758	0.15	4	2640	0	1	0	1
	267	268	5400	2640	1	0.15	4	2640	0	1	0	1
	267	281	5400	4330	1.640151515	0.15	4	2640	0	1	0	1
	268	25	12600	1320	0.149068323	0.15	4	8855	0	1	0	1
	268	40	5400	3485	1.320075758	0.15	4	2640	0	1	0	1
	268	267	5400	2640	1	0.15	4	2640	0	1	0	1
	268	287	5400	4541	1.720075758	0.15	4	2640	0	1	0	1
	269	25	12600	1320	0.149068323	0.15	4	8855	0	1	0	1
	269	40	5400	3485	1.320075758	0.15	4	2640	0	1	0	1
	269	261	5400	4910	1.859848485	0.15	4	2640	0	1	0	1
	269	270	5400	2640	1	0.15	4	2640	0	1	0	1
	269	290	5400	6600	2.5	0.15	4	2640	0	1	0	1
	270	269	5400	2640	1	0.15	4	2640	0	1	0	1
	270	271	5400	1531	0.579924242	0.15	4	2640	0	1	0	1
	271	192	1800	1320	0.5	0.15	4	2640	0	1	0	1
	271	270	5400	1531	0.579924242	0.15	4	2640	0	1	0	1
	271	272	5400	1320	0.5	0.15	4	2640	0	1	0	1
	272	186	1800	1320	0.5	0.15	4	2640	0	1	0	1
	272	271	5400	1320	0.5	0.15	4	2640	0	1	0	1
	272	273	5400	6019	2.279924242	0.15	4	2640	0	1	0	1
	273	26	12600	1320	0.149068323	0.15	4	8855	0	1	0	1
	273	41	5400	2640	1	0.15	4	2640	0	1	0	1
	273	262	5400	5280	2	0.15	4	2640	0	1	0	1
	273	272	5400	739	0.279924242	0.15	4	2640	0	1	0	1
	273	292	5400	5280	2	0.15	4	2640	0	1	0	1
	274	26	12600	1320	0.149068323	0.15	4	8855	0	1	0	1
	274	41	5400	2640	1	0.15	4	2640	0	1	0	1
	274	275	5400	5280	2	0.15	4	2640	0	1	0	1
	274	293	5400	3749	1.420075758	0.15	4	2640	0	1	0	1
	275	12	5400	2640	1	0.15	4	2640	0	1	0	1
	275	274	5400	5280	2	0.15	4	2640	0	1	0	1
	276	17	5400	2640	1	0.15	4	2640	0	1	0	1
	276	296	5400	5280	2	0.15	4	2640	0	1	0	1
	277	228	1800	1320	0.5	0.15	4	2640	0	1	0	1
	277	266	5400	9451	3.579924242	0.15	4	2640	0	1	0	1
	277	299	5400	1901	0.720075758	0.15	4	2640	0	1	0	1
	278	100	1800	1320	0.5	0.15	4	2640	0	1	0	1
	278	279	5400	1320	0.5	0.15	4	2640	0	1	0	1
	279	104	1800	1320	0.5	0.15	4	2640	0	1	0	1
	279	278	5400	1320	0.5	0.15	4	2640	0	1	0	1
	279	280	5400	1109	0.420075758	0.15	4	2640	0	1	0	1
	280	279	5400	1109	0.420075758	0.15	4	2640	0	1	0	1
	280	300	5400	1109	0.420075758	0.15	4	2640	0	1	0	1
	281	267	5400	4330	1.640151515	0.15	4	2640	0	1	0	1
	281	282	5400	1531	0.579924242	0.15	4	2640	0	1	0	1
	282	281	5400	1531	0.579924242	0.15	4	2640	0	1	0	1
	282	283	5400	950	0.359848485	0.15	4	2640	0	1	0	1
	283	98	1800	1320	0.5	0.15	4	2640	0	1	0	1
	283	282	5400	950	0.359848485	0.15	4	2640	0	1	0	1
	283	284	5400	1320	0.5	0.15	4	2640	0	1	0	1
	284	106	1800	1320	0.5	0.15	4	2640	0	1	0	1
	284	283	5400	1320	0.5	0.15	4	2640	0	1	0	1
	284	285	5400	739	0.279924242	0.15	4	2640	0	1	0	1
	285	284	5400	739	0.279924242	0.15	4	2640	0	1	0	1
	285	286	5400	1531	0.579924242	0.15	4	2640	0	1	0	1
	286	285	5400	1531	0.579924242	0.15	4	2640	0	1	0	1
	286	302	5400	1109	0.420075758	0.15	4	2640	0	1	0	1
	287	268	5400	4541	1.720075758	0.15	4	2640	0	1	0	1
	287	288	5400	1901	0.720075758	0.15	4	2640	0	1	0	1
	288	96	1800	1320	0.5	0.15	4	2640	0	1	0	1
	288	287	5400	1901	0.720075758	0.15	4	2640	0	1	0	1
	288	289	5400	1320	0.5	0.15	4	2640	0	1	0	1
	289	108	1800	1320	0.5	0.15	4	2640	0	1	0	1
	289	288	5400	1320	0.5	0.15	4	2640	0	1	0	1
	289	303	5400	3221	1.220075758	0.15	4	2640	0	1	0	1
	290	94	1800	1320	0.5	0.15	4	2640	0	1	0	1
	290	269	5400	6600	2.5	0.15	4	2640	0	1	0	1
	290	291	5400	1320	0.5	0.15	4	2640	0	1	0	1
	291	110	1800	1320	0.5	0.15	4	2640	0	1	0	1
	291	290	5400	1320	0.5	0.15	4	2640	0	1	0	1
	291	304	5400	3379	1.279924242	0.15	4	2640	0	1	0	1
	292	273	5400	5280	2	0.15	4	2640	0	1	0	1
	292	305	5400	4910	1.859848485	0.15	4	2640	0	1	0	1
	293	89	1800	1320	0.5	0.15	4	2640	0	1	0	1
	293	274	5400	3749	1.420075758	0.15	4	2640	0	1	0	1
	293	294	5400	1320	0.5	0.15	4	2640	0	1	0	1
	294	115	1800	1320	0.5	0.15	4	2640	0	1	0	1
	294	293	5400	1320	0.5	0.15	4	2640	0	1	0	1
	294	295	5400	739	0.279924242	0.15	4	2640	0	1	0	1
	295	294	5400	739	0.279924242	0.15	4	2640	0	1	0	1
	295	308	5400	1901	0.720075758	0.15	4	2640	0	1	0	1
	296	276	5400	5280	2	0.15	4	2640	0	1	0	1
	296	297	5400	1109	0.420075758	0.15	4	2640	0	1	0	1
	296	310	5400	4171	1.579924242	0.15	4	2640	0	1	0	1
	297	148	1800	1320	0.5	0.15	4	2640	0	1	0	1
	297	296	5400	1109	0.420075758	0.15	4	2640	0	1	0	1
	297	298	5400	1320	0.5	0.15	4	2640	0	1	0	1
	298	134	1800	1320	0.5	0.15	4	2640	0	1	0	1
	298	297	5400	1320	0.5	0.15	4	2640	0	1	0	1
	298	299	5400	3010	1.140151515	0.15	4	2640	0	1	0	1
	299	239	1800	1320	0.5	0.15	4	2640	0	1	0	1
	299	277	5400	1901	0.720075758	0.15	4	2640	0	1	0	1
	299	298	5400	3010	1.140151515	0.15	4	2640	0	1	0	1
	299	300	5400	2640	1	0.15	4	2640	0	1	0	1
	299	315	5400	5069	1.920075758	0.15	4	2640	0	1	0	1
	300	280	5400	1109	0.420075758	0.15	4	2640	0	1	0	1
	300	299	5400	2640	1	0.15	4	2640	0	1	0	1
	300	301	5400	1320	0.5	0.15	4	2640	0	1	0	1
	300	316	5400	5069	1.920075758	0.15	4	2640	0	1	0	1
	301	300	5400	1320	0.5	0.15	4	2640	0	1	0	1
	301	302	5400	1320	0.5	0.15	4	2640	0	1	0	1
	302	27	12600	1320	0.149068323	0.15	4	8855	0	1	0	1
	302	42	5400	2640	1	0.15	4	2640	0	1	0	1
	302	286	5400	1109	0.420075758	0.15	4	2640	0	1	0	1
	302	301	5400	1320	0.5	0.15	4	2640	0	1	0	1
	302	311	5400	3010	1.140151515	0.15	4	2640	0	1	0	1
	303	27	12600	1320	0.149068323	0.15	4	8855	0	1	0	1
	303	28	12600	1320	0.149068323	0.15	4	8855	0	1	0	1
	303	42	5400	2640	1	0.15	4	2640	0	1	0	1
	303	43	5400	4066	1.540151515	0.15	4	2640	0	1	0	1
	303	289	5400	3221	1.220075758	0.15	4	2640	0	1	0	1
	303	319	5400	5650	2.140151515	0.15	4	2640	0	1	0	1
	304	28	12600	1320	0.149068323	0.15	4	8855	0	1	0	1
	304	43	5400	4066	1.540151515	0.15	4	2640	0	1	0	1
	304	291	5400	3379	1.279924242	0.15	4	2640	0	1	0	1
	304	305	5400	2429	0.920075758	0.15	4	2640	0	1	0	1
	304	312	5400	739	0.279924242	0.15	4	2640	0	1	0	1
	305	292	5400	4910	1.859848485	0.15	4	2640	0	1	0	1
	305	304	5400	2429	0.920075758	0.15	4	2640	0	1	0	1
	305	306	5400	1901	0.720075758	0.15	4	2640	0	1	0	1
	305	321	5400	8659	3.279924242	0.15	4	2640	0	1	0	1
	306	198	1800	1320	0.5	0.15	4	2640	0	1	0	1
	306	305	5400	1901	0.720075758	0.15	4	2640	0	1	0	1
	306	307	5400	1320	0.5	0.15	4	2640	0	1	0	1
	307	180	1800	1320	0.5	0.15	4	2640	0	1	0	1
	307	306	5400	1320	0.5	0.15	4	2640	0	1	0	1
	307	308	5400	1320	0.5	0.15	4	2640	0	1	0	1
	308	29	12600	1320	0.149068323	0.15	4	8855	0	1	0	1
	308	44	5400	2640	1	0.15	4	2640	0	1	0	1
	308	295	5400	1901	0.720075758	0.15	4	2640	0	1	0	1
	308	307	5400	1320	0.5	0.15	4	2640	0	1	0	1
	308	309	5400	5280	2	0.15	4	2640	0	1	0	1
	309	11	5400	2640	1	0.15	4	2640	0	1	0	1
	309	308	5400	5280	2	0.15	4	2640	0	1	0	1
	310	151	1800	1320	0.5	0.15	4	2640	0	1	0	1
	310	296	5400	4171	1.579924242	0.15	4	2640	0	1	0	1
	310	313	5400	739	0.279924242	0.15	4	2640	0	1	0	1
	311	226	1800	1320	0.5	0.15	4	2640	0	1	0	1
	311	302	5400	3010	1.140151515	0.15	4	2640	0	1	0	1
	311	317	5400	1901	0.720075758	0.15	4	2640	0	1	0	1
	312	304	5400	739	0.279924242	0.15	4	2640	0	1	0	1
	312	320	5400	7181	2.720075758	0.15	4	2640	0	1	0	1
	313	310	5400	739	0.279924242	0.15	4	2640	0	1	0	1
	313	314	5400	2059	0.779924242	0.15	4	2640	0	1	0	1
	313	325	5400	4541	1.720075758	0.15	4	2640	0	1	0	1
	314	131	1800	1320	0.5	0.15	4	2640	0	1	0	1
	314	313	5400	739	0.279924242	0.15	4	2640	0	1	0	1
	314	315	5400	4330	1.640151515	0.15	4	2640	0	1	0	1
	315	299	5400	5069	1.920075758	0.15	4	2640	0	1	0	1
	315	314	5400	4541	1.720075758	0.15	4	2640	0	1	0	1
	315	316	5400	6811	2.579924242	0.15	4	2640	0	1	0	1
	315	327	5400	2851	1.079924242	0.15	4	2640	0	1	0	1
	316	300	5400	5069	1.920075758	0.15	4	2640	0	1	0	1
	316	315	5400	2640	1	0.15	4	2640	0	1	0	1
	316	317	5400	2270	0.859848485	0.15	4	2640	0	1	0	1
	316	328	5400	2851	1.079924242	0.15	4	2640	0	1	0	1
	317	241	1800	1320	0.5	0.15	4	2640	0	1	0	1
	317	311	5400	1901	0.720075758	0.15	4	2640	0	1	0	1
	317	316	5400	2640	1	0.15	4	2640	0	1	0	1
	317	318	5400	3010	1.140151515	0.15	4	2640	0	1	0	1
	317	329	5400	2851	1.079924242	0.15	4	2640	0	1	0	1
	318	317	5400	3010	1.140151515	0.15	4	2640	0	1	0	1
	318	319	5400	2640	1	0.15	4	2640	0	1	0	1
	319	303	5400	5650	2.140151515	0.15	4	2640	0	1	0	1
	319	318	5400	2270	0.859848485	0.15	4	2640	0	1	0	1
	319	320	5400	2640	1	0.15	4	2640	0	1	0	1
	319	330	5400	2270	0.859848485	0.15	4	2640	0	1	0	1
	320	312	5400	7181	2.720075758	0.15	4	2640	0	1	0	1
	320	319	5400	6811	2.579924242	0.15	4	2640	0	1	0	1
	320	321	5400	4541	1.720075758	0.15	4	2640	0	1	0	1
	320	332	5400	1901	0.720075758	0.15	4	2640	0	1	0	1
	321	305	5400	8659	3.279924242	0.15	4	2640	0	1	0	1
	321	320	5400	4330	1.640151515	0.15	4	2640	0	1	0	1
	321	333	5400	1901	0.720075758	0.15	4	2640	0	1	0	1
	321	334	5400	739	0.279924242	0.15	4	2640	0	1	0	1
	322	18	5400	2640	1	0.15	4	2640	0	1	0	1
	322	323	5400	5280	2	0.15	4	2640	0	1	0	1
	323	153	1800	1320	0.5	0.15	4	2640	0	1	0	1
	323	322	5400	5280	2	0.15	4	2640	0	1	0	1
	323	324	5400	1320	0.5	0.15	4	2640	0	1	0	1
	324	129	1800	1320	0.5	0.15	4	2640	0	1	0	1
	324	323	5400	1320	0.5	0.15	4	2640	0	1	0	1
	324	325	5400	1531	0.579924242	0.15	4	2640	0	1	0	1
	325	313	5400	4541	1.720075758	0.15	4	2640	0	1	0	1
	325	324	5400	1531	0.579924242	0.15	4	2640	0	1	0	1
	325	326	5400	2270	0.859848485	0.15	4	2640	0	1	0	1
	325	340	5400	950	0.359848485	0.15	4	2640	0	1	0	1
	326	325	5400	2270	0.859848485	0.15	4	2640	0	1	0	1
	326	327	5400	4171	1.579924242	0.15	4	2640	0	1	0	1
	327	315	5400	2851	1.079924242	0.15	4	2640	0	1	0	1
	327	326	5400	4171	1.579924242	0.15	4	2640	0	1	0	1
	327	328	5400	2640	1	0.15	4	2640	0	1	0	1
	327	341	5400	2640	1	0.15	4	2640	0	1	0	1
	328	316	5400	2851	1.079924242	0.15	4	2640	0	1	0	1
	328	327	5400	2640	1	0.15	4	2640	0	1	0	1
	328	329	5400	2640	1	0.15	4	2640	0	1	0	1
	328	342	5400	2640	1	0.15	4	2640	0	1	0	1
	329	31	12600	1320	0.149068323	0.15	4	8855	0	1	0	1
	329	46	5400	2640	1	0.15	4	2640	0	1	0	1
	329	317	5400	2851	1.079924242	0.15	4	2640	0	1	0	1
	329	328	5400	2640	1	0.15	4	2640	0	1	0	1
	329	343	5400	2640	1	0.15	4	2640	0	1	0	1
	330	31	12600	1320	0.149068323	0.15	4	8855	0	1	0	1
	330	46	5400	2640	1	0.15	4	2640	0	1	0	1
	330	224	1800	1320	0.5	0.15	4	2640	0	1	0	1
	330	319	5400	2270	0.859848485	0.15	4	2640	0	1	0	1
	330	331	5400	1109	0.420075758	0.15	4	2640	0	1	0	1
	330	339	5400	1690	0.640151515	0.15	4	2640	0	1	0	1
	331	330	5400	1109	0.420075758	0.15	4	2640	0	1	0	1
	331	332	5400	5069	1.920075758	0.15	4	2640	0	1	0	1
	332	32	12600	1320	0.149068323	0.15	4	8855	0	1	0	1
	332	47	5400	2429	0.920075758	0.15	4	2640	0	1	0	1
	332	320	5400	1901	0.720075758	0.15	4	2640	0	1	0	1
	332	331	5400	5069	1.920075758	0.15	4	2640	0	1	0	1
	332	345	5400	1901	0.720075758	0.15	4	2640	0	1	0	1
	333	32	12600	1320	0.149068323	0.15	4	8855	0	1	0	1
	333	47	5400	2482	0.940151515	0.15	4	2640	0	1	0	1
	333	321	5400	1901	0.720075758	0.15	4	2640	0	1	0	1
	333	334	5400	1109	0.420075758	0.15	4	2640	0	1	0	1
	333	358	5400	5491	2.079924242	0.15	4	2640	0	1	0	1
	334	321	5400	2059	0.779924242	0.15	4	2640	0	1	0	1
	334	333	5400	1109	0.420075758	0.15	4	2640	0	1	0	1
	334	335	5400	739	0.279924242	0.15	4	2640	0	1	0	1
	335	200	1800	1320	0.5	0.15	4	2640	0	1	0	1
	335	334	5400	739	0.279924242	0.15	4	2640	0	1	0	1
	335	336	5400	1320	0.5	0.15	4	2640	0	1	0	1
	336	178	1800	1320	0.5	0.15	4	2640	0	1	0	1
	336	335	5400	1320	0.5	0.15	4	2640	0	1	0	1
	336	337	5400	1320	0.5	0.15	4	2640	0	1	0	1
	337	29	12600	1320	0.149068323	0.15	4	8855	0	1	0	1
	337	33	12600	1320	0.149068323	0.15	4	8855	0	1	0	1
	337	44	5400	7920	3	0.15	4	2640	0	1	0	1
	337	48	5400	2640	1	0.15	4	2640	0	1	0	1
	337	336	5400	1320	0.5	0.15	4	2640	0	1	0	1
	337	338	5400	5280	2	0.15	4	2640	0	1	0	1
	338	10	5400	2640	1	0.15	4	2640	0	1	0	1
	338	337	5400	5280	2	0.15	4	2640	0	1	0	1
	339	243	1800	1320	0.5	0.15	4	2640	0	1	0	1
	339	330	5400	1690	0.640151515	0.15	4	2640	0	1	0	1
	339	344	5400	1109	0.420075758	0.15	4	2640	0	1	0	1
	340	30	12600	1320	0.149068323	0.15	4	8855	0	1	0	1
	340	45	5400	2640	1	0.15	4	2640	0	1	0	1
	340	325	5400	950	0.359848485	0.15	4	2640	0	1	0	1
	340	351	5400	4541	1.720075758	0.15	4	2640	0	1	0	1
	341	30	12600	1320	0.149068323	0.15	4	8855	0	1	0	1
	341	45	5400	2640	1	0.15	4	2640	0	1	0	1
	341	327	5400	2640	1	0.15	4	2640	0	1	0	1
	341	342	5400	2640	1	0.15	4	2640	0	1	0	1
	341	353	5400	5280	2	0.15	4	2640	0	1	0	1
	342	328	5400	2640	1	0.15	4	2640	0	1	0	1
	342	341	5400	2640	1	0.15	4	2640	0	1	0	1
	342	343	5400	2640	1	0.15	4	2640	0	1	0	1
	342	354	5400	5280	2	0.15	4	2640	0	1	0	1
	343	329	5400	2640	1	0.15	4	2640	0	1	0	1
	343	342	5400	2640	1	0.15	4	2640	0	1	0	1
	343	344	5400	5280	2	0.15	4	2640	0	1	0	1
	343	355	5400	5280	2	0.15	4	2640	0	1	0	1
	344	339	5400	1109	0.420075758	0.15	4	2640	0	1	0	1
	344	343	5400	5280	2	0.15	4	2640	0	1	0	1
	344	356	5400	5280	2	0.15	4	2640	0	1	0	1
	345	332	5400	1901	0.720075758	0.15	4	2640	0	1	0	1
	345	346	5400	1690	0.640151515	0.15	4	2640	0	1	0	1
	346	222	1800	1320	0.5	0.15	4	2640	0	1	0	1
	346	345	5400	1690	0.640151515	0.15	4	2640	0	1	0	1
	346	347	5400	2851	1.079924242	0.15	4	2640	0	1	0	1
	347	245	1800	1320	0.5	0.15	4	2640	0	1	0	1
	347	346	5400	2851	1.079924242	0.15	4	2640	0	1	0	1
	347	357	5400	739	0.279924242	0.15	4	2640	0	1	0	1
	348	18	5400	2640	1	0.15	4	2640	0	1	0	1
	348	349	5400	5280	2	0.15	4	2640	0	1	0	1
	349	156	1800	1320	0.5	0.15	4	2640	0	1	0	1
	349	348	5400	5280	2	0.15	4	2640	0	1	0	1
	349	350	5400	1320	0.5	0.15	4	2640	0	1	0	1
	350	126	1800	1320	0.5	0.15	4	2640	0	1	0	1
	350	349	5400	1320	0.5	0.15	4	2640	0	1	0	1
	350	351	5400	2270	0.859848485	0.15	4	2640	0	1	0	1
	351	340	5400	4541	1.720075758	0.15	4	2640	0	1	0	1
	351	350	5400	2270	0.859848485	0.15	4	2640	0	1	0	1
	351	352	5400	1901	0.720075758	0.15	4	2640	0	1	0	1
	351	367	5400	5280	2	0.15	4	2640	0	1	0	1
	352	351	5400	1901	0.720075758	0.15	4	2640	0	1	0	1
	352	353	5400	3749	1.420075758	0.15	4	2640	0	1	0	1
	353	341	5400	5280	2	0.15	4	2640	0	1	0	1
	353	352	5400	3749	1.420075758	0.15	4	2640	0	1	0	1
	353	354	5400	2640	1	0.15	4	2640	0	1	0	1
	353	369	5400	5280	2	0.15	4	2640	0	1	0	1
	354	342	5400	5280	2	0.15	4	2640	0	1	0	1
	354	353	5400	2640	1	0.15	4	2640	0	1	0	1
	354	355	5400	2640	1	0.15	4	2640	0	1	0	1
	354	370	5400	5280	2	0.15	4	2640	0	1	0	1
	355	343	5400	5280	2	0.15	4	2640	0	1	0	1
	355	354	5400	2640	1	0.15	4	2640	0	1	0	1
	355	356	5400	5280	2	0.15	4	2640	0	1	0	1
	355	371	5400	5280	2	0.15	4	2640	0	1	0	1
	356	344	5400	5280	2	0.15	4	2640	0	1	0	1
	356	355	5400	5280	2	0.15	4	2640	0	1	0	1
	356	357	5400	5280	2	0.15	4	2640	0	1	0	1
	356	372	5400	5280	2	0.15	4	2640	0	1	0	1
	357	347	5400	739	0.279924242	0.15	4	2640	0	1	0	1
	357	356	5400	5280	2	0.15	4	2640	0	1	0	1
	357	358	5400	5280	2	0.15	4	2640	0	1	0	1
	357	373	5400	5280	2	0.15	4	2640	0	1	0	1
	358	333	5400	5491	2.079924242	0.15	4	2640	0	1	0	1
	358	357	5400	5280	2	0.15	4	2640	0	1	0	1
	358	359	5400	1901	0.720075758	0.15	4	2640	0	1	0	1
	358	363	5400	4541	1.720075758	0.15	4	2640	0	1	0	1
	359	202	1800	1320	0.5	0.15	4	2640	0	1	0	1
	359	358	5400	1901	0.720075758	0.15	4	2640	0	1	0	1
	359	360	5400	1320	0.5	0.15	4	2640	0	1	0	1
	360	176	1800	1320	0.5	0.15	4	2640	0	1	0	1
	360	359	5400	1320	0.5	0.15	4	2640	0	1	0	1
	360	361	5400	1320	0.5	0.15	4	2640	0	1	0	1
	361	33	12600	1320	0.149068323	0.15	4	8855	0	1	0	1
	361	48	5400	2640	1	0.15	4	2640	0	1	0	1
	361	360	5400	1320	0.5	0.15	4	2640	0	1	0	1
	361	362	5400	5280	2	0.15	4	2640	0	1	0	1
	361	378	5400	5280	2	0.15	4	2640	0	1	0	1
	362	10	5400	2640	1	0.15	4	2640	0	1	0	1
	362	361	5400	5280	2	0.15	4	2640	0	1	0	1
	363	358	5400	4541	1.720075758	0.15	4	2640	0	1	0	1
	363	375	5400	739	0.279924242	0.15	4	2640	0	1	0	1
	364	19	5400	2640	1	0.15	4	2640	0	1	0	1
	364	365	5400	5280	2	0.15	4	2640	0	1	0	1
	365	158	1800	1320	0.5	0.15	4	2640	0	1	0	1
	365	364	5400	5280	2	0.15	4	2640	0	1	0	1
	365	366	5400	1320	0.5	0.15	4	2640	0	1	0	1
	366	124	1800	1320	0.5	0.15	4	2640	0	1	0	1
	366	365	5400	1320	0.5	0.15	4	2640	0	1	0	1
	366	367	5400	2270	0.859848485	0.15	4	2640	0	1	0	1
	367	351	5400	5280	2	0.15	4	2640	0	1	0	1
	367	366	5400	2270	0.859848485	0.15	4	2640	0	1	0	1
	367	368	5400	1901	0.720075758	0.15	4	2640	0	1	0	1
	367	384	5400	6019	2.279924242	0.15	4	2640	0	1	0	1
	368	367	5400	1901	0.720075758	0.15	4	2640	0	1	0	1
	368	369	5400	3749	1.420075758	0.15	4	2640	0	1	0	1
	369	34	12600	1320	0.149068323	0.15	4	8855	0	1	0	1
	369	49	5400	2640	1	0.15	4	2640	0	1	0	1
	369	353	5400	5280	2	0.15	4	2640	0	1	0	1
	369	368	5400	3749	1.420075758	0.15	4	2640	0	1	0	1
	369	370	5400	2640	1	0.15	4	2640	0	1	0	1
	370	354	5400	5280	2	0.15	4	2640	0	1	0	1
	370	369	5400	2640	1	0.15	4	2640	0	1	0	1
	370	371	5400	2640	1	0.15	4	2640	0	1	0	1
	370	386	5400	5280	2	0.15	4	2640	0	1	0	1
	371	355	5400	5280	2	0.15	4	2640	0	1	0	1
	371	370	5400	2640	1	0.15	4	2640	0	1	0	1
	371	372	5400	5280	2	0.15	4	2640	0	1	0	1
	371	387	5400	5280	2	0.15	4	2640	0	1	0	1
	372	356	5400	5280	2	0.15	4	2640	0	1	0	1
	372	371	5400	5280	2	0.15	4	2640	0	1	0	1
	372	373	5400	5280	2	0.15	4	2640	0	1	0	1
	372	388	5400	5280	2	0.15	4	2640	0	1	0	1
	373	35	12600	1320	0.149068323	0.15	4	8855	0	1	0	1
	373	50	5400	2640	1	0.15	4	2640	0	1	0	1
	373	357	5400	5280	2	0.15	4	2640	0	1	0	1
	373	372	5400	5280	2	0.15	4	2640	0	1	0	1
	373	374	5400	3749	1.420075758	0.15	4	2640	0	1	0	1
	374	247	1800	1320	0.5	0.15	4	2640	0	1	0	1
	374	373	5400	3749	1.420075758	0.15	4	2640	0	1	0	1
	374	375	5400	1531	0.579924242	0.15	4	2640	0	1	0	1
	375	219	1800	1320	0.5	0.15	4	2640	0	1	0	1
	375	363	5400	739	0.279924242	0.15	4	2640	0	1	0	1
	375	374	5400	1531	0.579924242	0.15	4	2640	0	1	0	1
	375	376	5400	1901	0.720075758	0.15	4	2640	0	1	0	1
	375	390	5400	5280	2	0.15	4	2640	0	1	0	1
	376	204	1800	1320	0.5	0.15	4	2640	0	1	0	1
	376	375	5400	1901	0.720075758	0.15	4	2640	0	1	0	1
	376	377	5400	1320	0.5	0.15	4	2640	0	1	0	1
	377	174	1800	1320	0.5	0.15	4	2640	0	1	0	1
	377	376	5400	1320	0.5	0.15	4	2640	0	1	0	1
	377	378	5400	1320	0.5	0.15	4	2640	0	1	0	1
	378	36	12600	1320	0.149068323	0.15	4	8855	0	1	0	1
	378	51	5400	2640	1	0.15	4	2640	0	1	0	1
	378	361	5400	5280	2	0.15	4	2640	0	1	0	1
	378	377	5400	1320	0.5	0.15	4	2640	0	1	0	1
	378	379	5400	5280	2	0.15	4	2640	0	1	0	1
	379	9	5400	2640	1	0.15	4	2640	0	1	0	1
	379	378	5400	5280	2	0.15	4	2640	0	1	0	1
	380	19	5400	2640	1	0.15	4	2640	0	1	0	1
	380	381	5400	5280	2	0.15	4	2640	0	1	0	1
	381	160	1800	1320	0.5	0.15	4	2640	0	1	0	1
	381	380	5400	5280	2	0.15	4	2640	0	1	0	1
	381	382	5400	1320	0.5	0.15	4	2640	0	1	0	1
	382	122	1800	1320	0.5	0.15	4	2640	0	1	0	1
	382	381	5400	1320	0.5	0.15	4	2640	0	1	0	1
	382	383	5400	1531	0.579924242	0.15	4	2640	0	1	0	1
	383	382	5400	1531	0.579924242	0.15	4	2640	0	1	0	1
	383	384	5400	1109	0.420075758	0.15	4	2640	0	1	0	1
	384	367	5400	6019	2.279924242	0.15	4	2640	0	1	0	1
	384	383	5400	1109	0.420075758	0.15	4	2640	0	1	0	1
	384	385	5400	5280	2	0.15	4	2640	0	1	0	1
	384	401	5400	5280	2	0.15	4	2640	0	1	0	1
	385	34	12600	1320	0.149068323	0.15	4	8855	0	1	0	1
	385	49	5400	2640	1	0.15	4	2640	0	1	0	1
	385	384	5400	5280	2	0.15	4	2640	0	1	0	1
	385	386	5400	2640	1	0.15	4	2640	0	1	0	1
	385	402	5400	5280	2	0.15	4	2640	0	1	0	1
	386	370	5400	5280	2	0.15	4	2640	0	1	0	1
	386	385	5400	2640	1	0.15	4	2640	0	1	0	1
	386	387	5400	2640	1	0.15	4	2640	0	1	0	1
	386	403	5400	5280	2	0.15	4	2640	0	1	0	1
	387	371	5400	5280	2	0.15	4	2640	0	1	0	1
	387	386	5400	2640	1	0.15	4	2640	0	1	0	1
	387	388	5400	5280	2	0.15	4	2640	0	1	0	1
	387	404	5400	5280	2	0.15	4	2640	0	1	0	1
	388	372	5400	5280	2	0.15	4	2640	0	1	0	1
	388	387	5400	5280	2	0.15	4	2640	0	1	0	1
	388	389	5400	5280	2	0.15	4	2640	0	1	0	1
	388	405	5400	5280	2	0.15	4	2640	0	1	0	1
	389	35	12600	1320	0.149068323	0.15	4	8855	0	1	0	1
	389	50	5400	2640	1	0.15	4	2640	0	1	0	1
	389	388	5400	5280	2	0.15	4	2640	0	1	0	1
	389	390	5400	5280	2	0.15	4	2640	0	1	0	1
	389	406	5400	5280	2	0.15	4	2640	0	1	0	1
	390	375	5400	5280	2	0.15	4	2640	0	1	0	1
	390	389	5400	5280	2	0.15	4	2640	0	1	0	1
	390	391	5400	1901	0.720075758	0.15	4	2640	0	1	0	1
	390	407	5400	6811	2.579924242	0.15	4	2640	0	1	0	1
	391	249	1800	1320	0.5	0.15	4	2640	0	1	0	1
	391	390	5400	1901	0.720075758	0.15	4	2640	0	1	0	1
	391	392	5400	1109	0.420075758	0.15	4	2640	0	1	0	1
	392	207	1800	1320	0.5	0.15	4	2640	0	1	0	1
	392	391	5400	1109	0.420075758	0.15	4	2640	0	1	0	1
	392	393	5400	1109	0.420075758	0.15	4	2640	0	1	0	1
	393	170	1800	1320	0.5	0.15	4	2640	0	1	0	1
	393	392	5400	1109	0.420075758	0.15	4	2640	0	1	0	1
	393	394	5400	370	0.140151515	0.15	4	2640	0	1	0	1
	394	36	12600	1320	0.149068323	0.15	4	8855	0	1	0	1
	394	51	5400	2640	1	0.15	4	2640	0	1	0	1
	394	393	5400	370	0.140151515	0.15	4	2640	0	1	0	1
	394	395	5400	5280	2	0.15	4	2640	0	1	0	1
	394	396	5400	1531	0.579924242	0.15	4	2640	0	1	0	1
	395	9	5400	2640	1	0.15	4	2640	0	1	0	1
	395	394	5400	5280	2	0.15	4	2640	0	1	0	1
	396	215	1800	1320	0.5	0.15	4	2640	0	1	0	1
	396	394	5400	1531	0.579924242	0.15	4	2640	0	1	0	1
	396	410	5400	5280	2	0.15	4	2640	0	1	0	1
	397	20	5400	2640	1	0.15	4	2640	0	1	0	1
	397	398	5400	5280	2	0.15	4	2640	0	1	0	1
	398	397	5400	5280	2	0.15	4	2640	0	1	0	1
	398	399	5400	1531	0.579924242	0.15	4	2640	0	1	0	1
	399	163	1800	1320	0.5	0.15	4	2640	0	1	0	1
	399	398	5400	1531	0.579924242	0.15	4	2640	0	1	0	1
	399	400	5400	1320	0.5	0.15	4	2640	0	1	0	1
	400	119	1800	1320	0.5	0.15	4	2640	0	1	0	1
	400	399	5400	1320	0.5	0.15	4	2640	0	1	0	1
	400	401	5400	370	0.140151515	0.15	4	2640	0	1	0	1
	401	37	12600	1320	0.149068323	0.15	4	8855	0	1	0	1
	401	52	5400	2640	1	0.15	4	2640	0	1	0	1
	401	384	5400	5280	2	0.15	4	2640	0	1	0	1
	401	400	5400	370	0.140151515	0.15	4	2640	0	1	0	1
	402	37	12600	1320	0.149068323	0.15	4	8855	0	1	0	1
	402	52	5400	2640	1	0.15	4	2640	0	1	0	1
	402	385	5400	5280	2	0.15	4	2640	0	1	0	1
	402	403	5400	2640	1	0.15	4	2640	0	1	0	1
	402	412	5400	5280	2	0.15	4	2640	0	1	0	1
	403	386	5400	5280	2	0.15	4	2640	0	1	0	1
	403	402	5400	2640	1	0.15	4	2640	0	1	0	1
	403	404	5400	2640	1	0.15	4	2640	0	1	0	1
	404	387	5400	5280	2	0.15	4	2640	0	1	0	1
	404	403	5400	2640	1	0.15	4	2640	0	1	0	1
	404	405	5400	5280	2	0.15	4	2640	0	1	0	1
	404	413	5400	5280	2	0.15	4	2640	0	1	0	1
	405	388	5400	5280	2	0.15	4	2640	0	1	0	1
	405	404	5400	5280	2	0.15	4	2640	0	1	0	1
	405	406	5400	5280	2	0.15	4	2640	0	1	0	1
	405	414	5400	5280	2	0.15	4	2640	0	1	0	1
	406	38	12600	1320	0.149068323	0.15	4	8855	0	1	0	1
	406	53	5400	2851	1.079924242	0.15	4	2640	0	1	0	1
	406	389	5400	5280	2	0.15	4	2640	0	1	0	1
	406	405	5400	5280	2	0.15	4	2640	0	1	0	1
	406	415	5400	5280	2	0.15	4	2640	0	1	0	1
	407	38	12600	1320	0.149068323	0.15	4	8855	0	1	0	1
	407	53	5400	2798	1.059848485	0.15	4	2640	0	1	0	1
	407	390	5400	6811	2.579924242	0.15	4	2640	0	1	0	1
	407	408	5400	2851	1.079924242	0.15	4	2640	0	1	0	1
	407	416	5400	5280	2	0.15	4	2640	0	1	0	1
	408	211	1800	1320	0.5	0.15	4	2640	0	1	0	1
	408	407	5400	2851	1.079924242	0.15	4	2640	0	1	0	1
	408	409	5400	1320	0.5	0.15	4	2640	0	1	0	1
	409	167	1800	1320	0.5	0.15	4	2640	0	1	0	1
	409	408	5400	1320	0.5	0.15	4	2640	0	1	0	1
	409	410	5400	581	0.220075758	0.15	4	2640	0	1	0	1
	410	396	5400	5280	2	0.15	4	2640	0	1	0	1
	410	409	5400	581	0.220075758	0.15	4	2640	0	1	0	1
	410	411	5400	5280	2	0.15	4	2640	0	1	0	1
	411	8	5400	2640	1	0.15	4	2640	0	1	0	1
	411	410	5400	5280	2	0.15	4	2640	0	1	0	1
	412	21	5400	2640	1	0.15	4	2640	0	1	0	1
	412	402	5400	5280	2	0.15	4	2640	0	1	0	1
	413	21	5400	2640	1	0.15	4	2640	0	1	0	1
	413	404	5400	5280	2	0.15	4	2640	0	1	0	1
	414	22	5400	2640	1	0.15	4	2640	0	1	0	1
	414	405	5400	5280	2	0.15	4	2640	0	1	0	1
	415	22	5400	2640	1	0.15	4	2640	0	1	0	1
	415	406	5400	5280	2	0.15	4	2640	0	1	0	1
	416	23	5400	2640	1	0.15	4	2640	0	1	0	1
	416	407	5400	5280	2	0.15	4	2640	0	1	0	1
												
												
38												
1444												
												
37 1 												
    2   1365.90    3    407.40    4    861.40    5    354.40    6    545.10												
    7    431.50    8      1.00    9     56.80   10     75.30   11      1.00												
   12     37.90   13     48.50   14      1.00   15    185.90   16     12.10												
   17     81.10   18    126.60   19     67.20   20    382.40   21    101.60												
   22     71.70   23     25.80   24     21.10   25    665.10   26     29.00												
   27     18.90   28     75.90   29    139.10   30    119.10   31    295.60												
   32     85.90   33     74.30   34     96.40   35     53.60   36     37.90												
   37     13.70   38    107.70												
												
37 2 												
    1   1171.20    3    608.10    4   1271.40    5    542.30    6    808.40												
    7    629.10    8      1.00    9     74.90   10     87.30   11      1.00												
   12     48.10   13     63.90   14      1.00   15    566.30   16     22.00												
   17    107.50   18    213.90   19    101.10   20    511.10   21    156.80												
   22    105.20   23     39.00   24     47.60   25    942.10   26     51.80												
   27     27.70   28    111.90   29    194.10   30    194.80   31    329.90												
   32     95.10   33     79.10   34    134.90   35     81.30   36     55.10												
   37     19.60   38    166.90												
												
37 3 												
    1    721.10    2   1237.90    4   1107.90    5    386.60    6    582.80												
    7    457.90    8      1.00    9     57.10   10     62.40   11      1.00												
   12     33.40   13     37.20   14      1.00   15    241.60   16     15.60												
   17    102.60   18    159.10   19     71.10   20    385.60   21    109.60												
   22     78.10   23     25.10   24     32.80   25    687.50   26     27.30												
   27     21.40   28     82.90   29    109.60   30    132.10   31    234.50												
   32     69.90   33     61.10   34    101.60   35     58.70   36     43.40												
   37     13.60   38    116.90												
												
37 4 												
    1   1222.50    2   2106.70    3    938.60    5    665.90    6    988.80												
    7    769.80    8      1.00    9     91.60   10    108.60   11      1.00												
   12     47.80   13     61.00   14      1.00   15    651.90   16     27.70												
   17    166.30   18    297.60   19    155.60   20    601.60   21    191.10												
   22    132.60   23     37.80   24     62.40   25    881.00   26     53.60												
   27     36.10   28    107.70   29    179.90   30    301.60   31    508.90												
   32    119.40   33     94.30   34    167.50   35     98.70   36     74.60												
   37     21.70   38    199.90												
												
37 5 												
    1    243.40    2    419.20    3    145.30    4    311.60    6    195.60												
    7    158.70    8      1.00    9     19.80   10     21.30   11      1.00												
   12      6.80   13     13.60   14      1.00   15     71.60   16      4.40												
   17     31.30   18     46.90   19     31.80   20    166.60   21     48.70												
   22     24.80   23     15.30   24      7.80   25    184.70   26      7.50												
   27      5.10   28     22.20   29     41.60   30     57.10   31    109.70												
   32     24.60   33     22.60   34     45.70   35     21.60   36     11.40												
   37      7.00   38     38.50												
												
37 6 												
    1    637.40    2   1089.90    3    381.80    4    812.10    5    338.20												
    7    477.90    8      1.00    9     73.60   10     54.30   11      1.00												
   12     32.40   13     35.70   14      1.00   15    179.10   16     11.80												
   17     79.10   18    131.40   19     62.20   20    366.00   21     96.80												
   22     88.20   23     27.30   24     18.50   25    491.40   26     21.10												
   27     14.20   28     56.20   29    101.60   30    108.60   31    281.40												
   32     82.60   33     72.60   34     88.60   35     67.70   36     47.30												
   37     13.90   38    132.70												
												
37 7 												
    1    682.30    2   1191.80    3    431.10    4    883.40    5    379.60												
    6    646.40    8      1.00    9     63.30   10     74.60   11      1.00												
   12     35.80   13     33.90   14      1.00   15    172.30   16     12.70												
   17     72.40   18    111.00   19     69.60   20    352.20   21    107.40												
   22     93.10   23     25.80   24     26.80   25    478.00   26     29.30												
   27     16.00   28     61.60   29    101.90   30    139.80   31    295.20												
   32     86.40   33     73.40   34     92.40   35     72.40   36     55.60												
   37      9.70   38    156.90												
												
37 8 												
    1     44.30    2     95.30    3      1.30    4     28.10    5     26.60												
    6     33.80    7     35.80    9     13.80   10      1.50   11      1.00												
   12      1.50   13      7.00   14      1.00   15     49.80   16      2.00												
   17     23.00   18     31.50   19     14.40   20     63.10   21     12.80												
   22      7.80   23      1.00   24      1.80   25     45.80   26      1.30												
   27      1.60   28      6.90   29     17.40   30     17.10   31     51.60												
   32      7.40   33     19.30   34      5.10   35      6.30   36      1.30												
   37      1.00   38     41.80												
												
37 9 												
    1    198.60    2    293.50    3    132.60    4    201.40    5     75.90												
    6    157.60    7     99.30    8      1.00   10     49.80   11      1.00												
   12      7.80   13      3.10   14      1.00   15      1.00   16      3.80												
   17     21.60   18     38.80   19     17.30   20     97.10   21     58.40												
   22     51.40   23     26.30   24     21.10   25    236.40   26     26.30												
   27      7.60   28     23.80   29     42.60   30     63.00   31     59.10												
   32     43.80   33      8.50   34     41.40   35     31.30   36     43.10												
   37      7.10   38     44.10												
												
37 10 												
    1     12.30    2     21.10    3      9.50    4     13.10    5      5.80												
    6     11.10    7      5.80    8      1.00    9      1.00   11      1.00												
   12      1.80   13      1.00   14      1.00   15      1.00   16      1.00												
   17      1.00   18      2.50   19      1.80   20      1.00   21      4.60												
   22      3.00   23      1.00   24      2.00   25     12.50   26      2.30												
   27      1.80   28      2.80   29      2.00   30      4.00   31      3.30												
   32      3.30   33      1.00   34      2.00   35      2.50   36      2.30												
   37      1.30   38      3.80												
												
37 11 												
    1     35.80    2     58.80    3     22.80    4     45.80    5     12.00												
    6     14.80    7     21.10    8      1.00    9      1.00   10     17.80												
   12      2.00   13      5.50   14      1.00   15     12.00   16      1.00												
   17     11.00   18      1.00   19      9.00   20     25.30   21      8.50												
   22      4.00   23      1.00   24      4.80   25     51.50   26      8.80												
   27      1.80   28     11.80   29     18.00   30     11.80   31     25.10												
   32      5.50   33      1.00   34     16.30   35      3.30   36      4.60												
   37      1.50   38      7.80												
												
37 12 												
    1     35.20    2     61.40    3     19.80    4     44.70    5     15.90												
    6     23.20    7     17.30    8      1.00    9      2.60   10      7.10												
   11      1.00   13      5.30   14      1.00   15     17.10   16      1.80												
   17      7.10   18     12.80   19      6.90   20     32.00   21     11.40												
   22      5.70   23      1.00   24      1.50   25     59.20   26      3.30												
   27      1.80   28      8.00   29     12.30   30     11.10   31     21.10												
   32      5.00   33      6.30   34      8.10   35      5.10   36      1.50												
   37      1.30   38     11.30												
												
37 13 												
    1      1.00    2      1.00    3      1.00    4      1.00    5      1.00												
    6      1.00    7      1.00    8      1.00    9      1.00   10      1.00												
   11      1.00   12      1.00   14      1.00   15      1.00   16      1.00												
   17      1.00   18      1.00   19      1.00   20      1.00   21      1.00												
   22      1.00   23      1.00   24      1.00   25      1.00   26      1.00												
   27      1.00   28      1.00   29      1.00   30      1.00   31      1.00												
   32      1.00   33      1.00   34      1.00   35      1.00   36      1.00												
   37      1.00   38      1.00												
												
37 14 												
    1      9.80    2     16.80    3      9.00    4     14.30    5      4.50												
    6      5.80    7      4.30    8      1.00    9      1.00   10      1.50												
   11      1.00   12      1.50   13      1.00   15      1.00   16      1.50												
   17      1.00   18      1.00   19      1.30   20      1.00   21      3.30												
   22      1.50   23      1.00   24      2.80   25     11.30   26      2.50												
   27      1.50   28      2.00   29      1.00   30      4.50   31      3.50												
   32      2.00   33      1.00   34      1.80   35      1.30   36      1.80												
   37      1.30   38      2.80												
												
37 15 												
    1     33.80    2     61.80    3     33.30    4     51.50    5     16.80												
    6     21.80    7     14.30    8      1.00    9      1.00   10      7.30												
   11      1.00   12      2.80   13      1.30   14      1.00   16      1.80												
   17      1.00   18      1.00   19      5.00   20      1.00   21     11.50												
   22      7.30   23      1.00   24      9.50   25     35.00   26      7.80												
   27      2.30   28      6.30   29      4.00   30     15.50   31     12.00												
   32      5.80   33      1.00   34      7.00   35      4.80   36      5.00												
   37      1.50   38     11.30												
												
37 16 												
    1     17.40    2     29.20    3     11.60    4     22.60    5     11.30												
    6     11.10    7      8.00    8      1.00    9      1.30   10      1.00												
   11      1.00   12      1.00   13      1.60   14      1.00   15     12.80												
   17      6.00   18      6.80   19      4.60   20     13.60   21      5.30												
   22      4.70   23      1.00   24      1.00   25     24.20   26      1.30												
   27      1.00   28      5.20   29      5.20   30      5.30   31     11.30												
   32      3.00   33      3.10   34      4.70   35      3.10   36      1.30												
   37      1.00   38      4.40												
												
37 17 												
    1     55.30    2     88.30    3     58.00    4     86.00    5     31.10												
    6     33.80    7     21.50    8      1.00    9      1.00   10      7.30												
   11      1.00   12      3.60   13      1.80   14      1.00   15      1.00												
   16      1.60   18      5.80   19      9.10   20     24.80   21     15.30												
   22     11.30   23      1.00   24      8.80   25     56.50   26      8.00												
   27      3.00   28      9.00   29      7.10   30     21.00   31     16.80												
   32      9.80   33      3.50   34     11.10   35      8.00   36     12.00												
   37      1.50   38     11.60												
												
37 18 												
    1    181.10    2    311.60    3    201.80    4    334.70    5    136.80												
    6    135.40    7    109.20    8      1.00    9     11.80   10     39.60												
   11      1.00   12     15.30   13     11.10   14      1.00   15     49.30												
   16      9.60   17     11.50   19     54.40   20    204.10   21     68.70												
   22     41.40   23      1.30   24     29.30   25    214.40   26     33.30												
   27     13.30   28     41.80   29     41.60   30    152.30   31    131.40												
   32     41.20   33     19.10   34     71.40   35     33.80   36     41.80												
   37      4.80   38     67.60												
												
37 19 												
    1     58.10    2     96.80    3     44.80    4     97.20    5     39.70												
    6     47.30    7     36.90    8      1.00    9     16.10   10     11.10												
   11      1.00   12      3.80   13      7.10   14      1.00   15     34.80												
   16      2.60   17     21.30   18     36.40   20     97.60   21     26.40												
   22     14.70   23     12.00   24      3.80   25    101.20   26      3.50												
   27      4.50   28     11.30   29     21.20   30     31.80   31     42.70												
   32     13.20   33     12.50   34     27.70   35     15.40   36      8.80												
   37      5.60   38     27.10												
												
37 20 												
    1     25.50    2     57.80    3      1.00    4     31.10    5     25.30												
    6     18.10    7     25.30    8      1.00    9      7.10   10      2.50												
   11      1.00   12      1.50   13      4.60   14      1.00   15     32.80												
   16      2.30   17      7.00   18     13.50   19     15.30   21     14.30												
   22      6.10   23      1.00   24      1.80   25     24.30   26      1.00												
   27      1.30   28      5.30   29     12.80   30     39.60   31     53.80												
   32      4.80   33     12.80   34      9.60   35      6.10   36      1.00												
   37      1.00   38     33.30												
												
37 21 												
    1    141.90    2    261.10    3     71.50    4    173.80    5    103.40												
    6    136.00    7    137.50    8      1.00    9     42.30   10     32.30												
   11      1.00   12     11.30   13     21.90   14      1.00   15    109.60												
   16      7.40   17     44.30   18     93.90   19     51.70   20    311.20												
   22     46.60   23      1.30   24     12.90   25    211.60   26     11.80												
   27      7.40   28     33.30   29     61.90   30     81.80   31    136.50												
   32     29.90   33     32.90   34     69.80   35     36.70   36     18.80												
   37      3.10   38     91.40												
												
37 22 												
    1     86.00    2    151.80    3     53.60    4    112.80    5     64.10												
    6     89.40    7     74.90    8      1.00    9     21.50   10     18.60												
   11      1.00   12      6.40   13     11.10   14      1.00   15     52.30												
   16      4.30   17     21.30   18     32.90   19     27.30   20    124.50												
   21     45.60   23     11.10   24      7.50   25    136.40   26      8.00												
   27      5.10   28     18.70   29     31.90   30     39.00   31     89.60												
   32     19.60   33     17.80   34     36.10   35     25.20   36     17.60												
   37      5.60   38     53.80												
												
37 23 												
    1    119.20    2    197.10    3     56.90    4    116.00    5     53.20												
    6    109.60    7     66.70    8      1.00    9     11.80   10     11.60												
   11      1.00   12      4.10   13      7.40   14      1.00   15     41.90												
   16      3.10   17      9.80   18     47.80   19     17.40   20     82.10												
   21     51.70   22     37.60   24      6.30   25    157.20   26      6.00												
   27      4.40   28     12.90   29     22.50   30     47.80   31     59.70												
   32     21.90   33     18.10   34     23.40   35     21.90   36     11.30												
   37      5.80   38     55.30												
												
37 24 												
    1     29.80    2     51.30    3     29.80    4     44.30    5     13.60												
    6     18.50    7     12.30    8      1.00    9      1.00   10      9.80												
   11      1.00   12      4.10   13      1.80   14      1.00   15      1.00												
   16      1.00   17      1.00   18      1.50   19      4.30   20      4.00												
   21      8.60   22      5.80   23      1.00   25     39.50   26     11.50												
   27      3.50   28      5.30   29      4.10   30     15.50   31     12.10												
   32      9.10   33      1.00   34      6.80   35      4.60   36      6.80												
   37      1.80   38      6.80												
												
37 25 												
    1    796.80    2   1232.30    3    819.00    4   1232.40    5    333.60												
    6    517.80    7    283.80    8      1.00    9      1.00   10     91.80												
   11      1.00   12     54.30   13     37.50   14      1.00   15    359.80												
   16     18.30   17      1.50   18    131.30   19     82.30   20    292.60												
   21    229.10   22    163.30   23     31.50   24    123.50   26    154.50												
   27     48.90   28    171.80   29    117.50   30    195.30   31    211.10												
   32    191.60   33     49.30   34    142.40   35    111.60   36    159.80												
   37     26.10   38    137.80												
												
37 26 												
    1    244.60    2    383.60    3    241.80    4    372.00    5    101.90												
    6    155.70    7     92.40    8      1.00    9      2.10   10     38.40												
   11      1.00   12     19.60   13     15.40   14      1.00   15     18.60												
   16      5.60   17      6.60   18     41.60   19     29.10   20    122.30												
   21     66.00   22     47.60   23      4.30   24     31.60   25    419.60												
   27     13.10   28     55.40   29     49.80   30     58.60   31     61.20												
   32     59.00   33     28.30   34     47.40   35     34.60   36     51.60												
   37      6.80   38     45.80												
												
37 27 												
    1     39.30    2     64.10    3     33.80    4     54.90    5     22.80												
    6     33.40    7     22.20    8      1.00    9      1.00   10      7.00												
   11      1.00   12      3.30   13      2.50   14      1.00   15      8.80												
   16      1.00   17      3.60   18     11.50   19      5.80   20     14.90												
   21     12.30   22      7.90   23      1.00   24      6.50   25     67.00												
   26      7.80   28      9.10   29      8.60   30     18.80   31     22.10												
   32     11.30   33      4.60   34     11.20   35      7.60   36      7.80												
   37      1.30   38      9.90												
												
37 28 												
    1    135.40    2    238.80    3     89.30    4    179.40    5     78.10												
    6    116.30    7     86.70    8      1.00    9     24.10   10     26.60												
   11      1.00   12      9.80   13     15.10   14      1.00   15     75.80												
   16      6.30   17     34.30   18     43.30   19     24.10   20    102.50												
   21     38.60   22     25.10   23     19.80   24     14.10   25    257.40												
   26     16.10   27      7.60   29     51.40   30     59.30   31    116.10												
   32     34.30   33     26.60   34     41.00   35     25.40   36     17.60												
   37      1.80   38     42.10												
												
37 29 												
    1     91.60    2    132.60    3     55.00    4     95.10    5     36.30												
    6     88.30    7     41.60    8      1.00    9      6.10   10      2.00												
   11      1.00   12      3.50   13      7.60   14      1.00   15     21.50												
   16      1.80   17      5.80   18     46.90   19      8.30   20     52.10												
   21     27.40   22     28.20   23     19.30   24      1.00   25    191.90												
   26      2.00   27      3.80   28     11.60   30     17.30   31     34.10												
   32     24.40   33     21.50   34     11.90   35     15.60   36     11.30												
   37      7.80   38     16.60												
												
37 30 												
    1    143.30    2    314.50    3     89.10    4    219.30    5    131.10												
    6    105.90    7    106.30    8      1.00    9     21.60   10     59.30												
   11      1.00   12     11.60   13     14.10   14      1.00   15    195.80												
   16      9.90   17     67.80   18     51.00   19     56.40   20    259.50												
   21     76.60   22     39.40   23      1.30   24     27.60   25    233.60												
   26     19.80   27      9.40   28     41.80   29     48.60   31    246.40												
   32     36.60   33     37.80   34     75.90   35     34.90   36     15.80												
   37      2.40   38    128.10												
												
37 31 												
    1    248.70    2    416.30    3    178.10    4    332.50    5    135.60												
    6    203.30    7    148.40    8      1.00    9     35.40   10     51.10												
   11      1.00   12     16.60   13     23.90   14      1.00   15    111.90												
   16      9.40   17     47.10   18     91.40   19     51.10   20    261.40												
   21     93.10   22     65.70   23     13.30   24     25.90   25    408.60												
   26     29.80   27     13.40   28     55.60   29     74.20   30    119.30												
   32     64.20   33     39.80   34     82.90   35     52.80   36     38.50												
   37      9.40   38     87.10												
												
37 32 												
    1    141.20    2    241.50    3    102.10    4    191.70    5     79.70												
    6    114.70    7     85.50    8      1.00    9     21.30   10     31.80												
   11      1.00   12      9.90   13     12.90   14      1.00   15     43.90												
   16      5.30   17     23.30   18     44.60   19     23.00   20     87.60												
   21     53.90   22     33.70   23     13.60   24     11.80   25    217.30												
   26     18.80   27      9.60   28     32.60   29     46.80   30     67.80												
   31    103.00   33     23.60   34     41.10   35     31.80   36     28.40												
   37      7.10   38     54.00												
												
37 33 												
    1    131.20    2    221.40    3     71.60    4    134.90    5     53.70												
    6    101.90    7     82.00    8      1.00    9     23.90   10     32.60												
   11      1.00   12      9.40   13     13.40   14      1.00   15     43.00												
   16      5.10   17     16.30   18     25.60   19     21.40   20    116.10												
   21     35.90   22     31.70   23      7.00   24     11.60   25    151.10												
   26     15.60   27      8.40   28     28.60   29     47.10   30     64.60												
   31     88.40   32     31.90   34     43.20   35     31.30   36     27.10												
   37      5.30   38     47.90												
												
37 34 												
    1    256.30    2    507.20    3    136.80    4    388.40    5    206.30												
    6    181.20    7    208.40    8      1.00    9     77.80   10     57.10												
   11      1.00   12     32.90   13     38.10   14      1.00   15    221.10												
   16     13.60   17    102.50   18    145.30   19    121.20   20    571.60												
   21    131.40   22     68.60   23      1.80   24     26.80   25    321.60												
   26     23.30   27     17.10   28     81.70   29    151.90   30    281.60												
   31    428.90   32     68.60   33     95.10   35     74.80   36     41.30												
   37      4.30   38    234.60												
												
37 35 												
    1    146.20    2    247.50    3     93.50    4    156.80    5     68.10												
    6    121.70    7     82.40    8      1.00    9      6.80   10     32.50												
   11      1.00   12      8.40   13      6.60   14      1.00   15     26.60												
   16      4.80   17     11.10   18     37.80   19     29.20   20    132.30												
   21     67.90   22     41.70   23     12.60   24     17.10   25    154.20												
   26     19.50   27      7.40   28     29.40   29     31.90   30     71.90												
   31     89.10   32     39.10   33     19.80   34     41.70   36     34.60												
   37      7.50   38     63.80												
												
37 36 												
    1     59.40    2    111.90    3     19.30    4     53.50    5     29.00												
    6     42.80    7     44.60    8      1.00    9     12.90   10      5.00												
   11      1.00   12      3.10   13      7.90   14      1.00   15     39.30												
   16      1.60   17     13.30   18     24.30   19     17.30   20     95.30												
   21     18.10   22     11.90   23      1.30   24      2.30   25     61.60												
   26      1.00   27      2.30   28     13.40   29     24.40   30     39.00												
   31     61.10   32     13.10   33     26.60   34     16.60   35     14.00												
   37      1.30   38     41.30												
												
37 37 												
    1     19.80    2     31.80    3     21.30    4     34.10    5     12.60												
    6     14.60    7     12.10    8      1.00    9      6.80   10      3.00												
   11      1.00   12      1.10   13      2.00   14      1.00   15      6.30												
   16      1.80   17      4.30   18      2.00   19      6.30   20     23.80												
   21      8.10   22      5.80   23      1.00   24      3.30   25     27.30												
   26      4.50   27      1.80   28      5.80   29      8.10   30     11.00												
   31     16.10   32      5.60   33      1.30   34     13.10   35      5.60												
   36      6.50   38      6.00												
												
37 38 												
    1    111.20    2    192.60    3     55.30    4    112.70    5     51.40												
    6     89.20    7     71.10    8      1.00    9     19.60   10     17.60												
   11      1.00   12      6.40   13      9.40   14      1.00   15     43.80												
   16      4.90   17     17.30   18     38.90   19     27.30   20    106.20												
   21     42.10   22     29.40   23      1.00   24     11.10   25    121.70												
   26     11.10   27      6.60   28     18.60   29     27.20   30     57.30												
   31     84.20   32     25.10   33     24.60   34     31.10   35     21.40												
   36     19.10   37      2.30												
